time[s]	density [kg/m3]	viscosity
6.84	4708.275715	0
6.96	4329.492472	0
7.08	4194.512192	0
7.2	4067.693985	0
7.32	3919.562376	0
7.44	3729.424215	0
7.56	3556.879803	0
7.68	3421.207338	0
7.8	3315.8097	0
7.92	3216.71198	0
8.04	3069.913943	0
8.16	2935.929701	0
8.28	2842.873292	0
8.4	2769.716491	0
8.52	2634.145444	0
8.64	2534.884193	0
8.76	2476.55736	0
8.88	2399.268454	0
9	2357.231337	0
9.12	2306.71202	0
9.24	2230.235865	0
9.36	2158.667927	0
9.48	2116.224594	0
9.6	2067.444926	0
9.72	2009.544116	0
9.84	1947.723179	0
9.96	1906.326299	0
10.08	1873.149719	0
10.2	1841.108157	0
10.32	1810.144347	0
10.44	1759.829674	0
10.56	1712.236444	0
10.68	1685.424097	0
10.8	1649.267282	0
10.92	1609.799325	0
11.04	1576.782638	0
11.16	1545.093064	0
11.28	1527.55014	0
11.4	1501.970177	0
11.52	1481.298966	0
11.64	1445.489966	0
11.76	1415.082604	0
11.88	1396.719217	0
12	1371.796875	0
12.12	1351.132097	0
12.24	1321.27649	0
12.36	1295.824499	0
12.48	1277.369842	0
12.6	1262.387789	0
12.72	1241.993802	0
12.84	1219.478618	0
12.96	1195.105295	0
13.08	1179.390564	0
13.2	1166.607228	0
13.32	1151.628321	0
13.44	1131.054885	1
13.56	1111.203622	2
13.68	1095.371289	3
13.8	1084.335914	3
13.92	1062.919048	4
14.04	1044.354578	5
14.16	1032.334384	7
14.28	1018.655904	8
14.4	1009.105408	9
14.52	996.0316754	10
14.64	980.6048	12
14.76	965.6485093	13
14.88	955.362887	14
15	945.2940703	16
15.12	930.5825942	17
15.24	916.3220062	19
15.36	905.5290497	21
15.48	897.9741603	22
15.6	889.0730452	24
15.72	880.3466616	25
15.84	867.5736164	27
15.96	855.1659212	28
16.08	845.7581553	30
16.2	837.8575654	32
16.32	826.2796165	33
16.44	815.0172864	35
16.56	805.260982	36
16.68	799.2810252	38
16.8	791.0567606	39
16.92	784.1409212	41
17.04	772.8793828	42
17.16	763.0170342	44
17.28	757.6459443	45
17.4	749.2077325	47
17.52	740.4456718	48
17.64	731.8861883	49
17.76	724.009033	51
17.88	717.2543173	52
18	710.6244741	53
18.12	703.1960202	55
18.24	696.8223673	56
18.36	687.9150125	57
18.48	681.8141572	58
18.6	677.5222388	59
18.72	672.4427268	60
18.84	664.9646784	61
18.96	658.4557864	61
19.08	652.8641444	62
19.2	648.1463498	62
19.32	639.6718344	63
19.44	632.1577755	63
19.56	627.7334821	64
19.68	621.9298674	64
19.8	617.6470954	64
19.92	612.7244839	64
20.04	605.8267638	64
20.16	599.7502666	65
20.28	595.7665385	65
20.4	592.4869693	65
20.52	585.3974918	65
20.64	579.0981537	65
20.76	575.999052	65
20.88	571.7156212	66
21	567.4954279	66
21.12	563.9273963	66
21.24	558.3688672	67
21.36	553.4875185	67
21.48	550.0929308	68
21.6	546.1848313	68
21.72	541.5132967	69
21.84	535.8517517	70
21.96	532.1427017	70
22.08	529.0041426	71
22.2	525.9023886	72
22.32	523.3452438	73
22.44	518.3048389	75
22.56	513.3605974	76
22.68	510.4390726	77
22.8	507.5506123	78
22.92	503.9856848	80
23.04	500.005495	81
23.16	496.7745908	83
23.28	494.9470378	85
23.4	492.2307823	86
23.52	489.9899064	88
23.64	485.5688119	90
23.76	482.0889673	91
23.88	479.084763	93
24	476.9617249	95
24.12	474.4387854	96
24.24	470.9099705	98
24.36	467.4332617	100
24.48	465.4120161	102
24.6	462.6114624	104
24.72	460.6316137	105
24.84	457.8881258	107
24.96	455.5624433	109
25.08	452.8788305	110
25.2	450.9812405	112
25.32	448.3511741	113
25.44	446.4912588	114
25.56	443.9131521	116
25.68	442.4532716	117
25.8	439.9214536	118
25.92	437.7742734	119
26.04	435.8243556	120
26.16	433.1932015	121
26.28	431.4566778	122
26.4	430.0774508	123
26.52	428.025065	124
26.64	425.150825	125
26.76	422.9787898	126
26.88	421.9837797	127
27	420.3357918	128
27.12	417.7256184	129
27.24	415.147662	130
27.36	413.2349798	131
27.48	412.2852327	132
27.6	411.3398412	134
27.72	410.3987754	135
27.84	407.9101904	137
27.96	406.0634681	138
28.08	404.2333916	140
28.2	402.419737	142
28.32	400.4732209	143
28.44	399.4328763	146
28.56	397.9560114	148
28.68	396.7823595	150
28.8	395.3249939	152
28.92	394.166787	155
29.04	392.0133408	158
29.16	389.6010383	160
29.28	388.7567104	163
29.4	387.078986	166
29.52	385.4156802	169
29.64	384.7268475	173
29.76	383.2200486	176
29.88	382.6750439	179
30	382.4031225	182
30.12	381.3192902	185
30.24	379.8390134	188
30.36	377.8388782	191
30.48	376.5171162	194
30.6	375.9909972	197
30.72	375.2045696	199
30.84	373.2528189	202
30.96	372.348934	205
31.08	371.5776526	207
31.2	371.3212684	209
31.32	370.0446361	212
31.44	368.5242171	214
31.57	367.5175266	218
31.69	366.2668715	220
31.81	365.7689895	222
31.93	364.5301864	224
32.05	363.5451694	226
32.17	361.3482268	227
32.29	360.3803082	229
32.41	359.6577653	231
32.53	359.0578558	232
32.65	358.4599442	233
32.77	357.5074166	235
32.89	357.2700752	236
33.01	356.5599379	237
33.13	355.6174679	238
33.25	354.213068	240
33.37	352.8197169	241
33.49	352.5885568	242
33.61	351.6669374	244
33.73	350.6358576	245
33.85	349.1571493	247
33.97	347.8032148	248
34.09	347.5785792	250
34.21	347.1301775	252
34.33	346.4597401	254
34.45	345.3480808	256
34.57	344.0234701	258
34.69	344.2435324	260
34.81	343.3649679	262
34.93	342.3819279	265
35.05	341.4045006	267
35.17	341.4045006	269
35.29	340.7559769	272
35.41	340.1099123	274
35.53	338.825105	277
35.65	338.3989903	280
35.77	337.973946	282
35.89	337.1270527	285
36.01	336.7051957	288
36.13	336.074386	292
36.25	335.5505139	295
36.37	334.1960593	299
36.49	333.5746075	302
36.61	332.7495914	306
36.73	331.8263129	311
36.85	331.3155909	315
36.97	330.9081438	319
37.09	330.2988487	324
37.21	329.893897	328
37.33	329.4899371	332
37.45	328.5846344	337
37.57	327.8839421	341
37.69	327.2857229	345
37.81	326.8881214	349
37.93	325.701092	352
38.05	324.9145168	356
38.17	324.5226523	358
38.29	324.1317318	361
38.41	323.9366245	363
38.53	323.5471137	364
38.65	322.6741301	365
38.77	322.1911718	365
38.89	322.3841815	365
39.01	321.998393	364
39.13	321.3254802	363
39.25	320.655374	362
39.37	319.8929526	360
39.49	319.7029135	358
39.61	319.1341483	356
39.73	318.5674032	354
39.85	317.7210499	352
39.97	316.8791817	350
40.09	316.134591	348
40.21	315.7636063	346
40.33	315.3010981	344
40.45	314.8399428	342
40.57	314.1048936	340
40.69	313.5558552	338
40.81	312.645044	336
40.93	312.2821994	334
41.05	311.4688704	333
41.17	311.1987013	331
41.29	310.8392042	329
41.41	310.4805367	328
41.53	309.9440847	326
41.65	308.9653888	325
41.77	308.345794	325
41.89	307.8166872	324
42.01	307.1140297	324
42.13	306.4145728	323
42.25	305.7182947	323
42.37	305.1981593	324
42.49	304.5073922	324
42.61	304.3351887	325
42.73	303.6483181	326
42.85	302.8792854	328
42.97	301.9446301	330
43.09	301.0999352	332
43.21	300.7633791	334
43.33	299.8417173	336
43.45	299.2581406	339
43.57	298.925687	342
43.69	298.4283892	345
43.81	297.9327433	349
43.93	297.4387411	352
44.05	296.7008018	356
44.17	295.966515	360
44.29	295.4790063	365
44.41	294.8314876	370
44.53	294.0260691	375
44.65	293.3848957	381
44.77	292.7465127	386
44.89	292.2695456	392
45.01	291.95243	399
45.13	291.6360019	405
45.25	290.9265403	412
45.37	290.2205222	419
45.49	289.9078351	426
45.61	289.4400657	433
45.73	288.8187164	441
45.85	287.8916783	449
45.97	287.5839867	458
46.09	287.1236804	467
46.21	286.5122261	476
46.33	286.0553416	486
46.45	285.070407	496
46.57	284.6933895	507
46.69	284.3924929	518
46.81	283.9423385	529
46.93	283.7926036	540
47.05	283.1952398	551
47.17	282.7488647	563
47.29	282.4520623	574
47.41	282.0080251	586
47.53	281.5653818	598
47.65	281.1975725	610
47.77	280.6842509	622
47.89	280.2457503	634
48.01	279.8086176	646
48.13	279.6632096	658
48.25	279.1554696	670
48.37	278.7939254	682
48.49	278.6495698	694
48.61	278.3613067	706
48.73	277.786566	718
48.85	277.3570655	729
48.97	277.3570655	740
49.09	276.9288912	751
49.21	276.5020368	762
49.33	276.5020368	773
49.45	275.9349404	783
49.57	275.6522636	793
49.69	275.5111423	802
49.81	275.3701654	812
49.93	275.0183536	821
50.05	274.8076976	821